0,9
0,544
0,541
152,52
152,51
152,50
152,49
152,48
152,47
152,46
152,45
152,44
152,43
152,42
152,41
152,40
152,39
152,38
152,37
152,36
152,35
3,2
3,1
3,3
10,118
10,262
10,130
10,70
10,310
10,178
10,116
10,140
10,2
10,3
9,7
9,6
8,5
8,10
8,14
8,16
8,2
8,3
151,6
151,5
151,4
151,3
151,2
151,1
151,0
150,4
150,3
150,2
150,1
150,0
149,4
149,3
149,2
149,1
149,0
148,4
148,3
148,2
148,1
148,0
20,2
20,3
20,1
12,3
12,2
12,1
11,29
11,28
11,27
11,26
11,25
19,2
19,1
11,24
11,23
11,22
11,21
11,20
11,19
11,18
11,17
11,16
11,15
11,14
11,13
11,12
11,11
11,10
11,9
11,8
11,7
11,6
11,5
19,3
11,4
11,3
11,2
11,1
10,312
10,308
10,306
10,304
10,302
10,301
10,300
10,297
10,296
10,202
10,156
10,104
18,1
10,92
18,3
